1.60270391212	1.4407077428	9.60317009935	9.72957316272	0.000241452145266443	2.6672849739111
0.881800073608	1.05856517885	8.83809141319	8.31291471237	0.011717997095952	3.14389305677828
5.28989715762	5.61221093547	0.13750352375	0.13750352375	0.0193023893363971	-5.30899472889637
0.509515462111	1.70722438221	7.29193502157	7.75412587878	0.0351729321835747	2.7628744637799
0.67703730222	1.27639542033	7.7160649137	6.51955762972	0.0282284234612386	2.8654221113385
2.46662973007	1.41123098055	7.72734189952	8.01642388915	0.0424837997331074	2.02144777463174
0.145778143645	0.21263943314	6.31276862398	5.79585004994	0.0256013357782276	5.0782490956956
0.311318261957	1.00439639977	6.48410428742	6.77889190709	0.0168822102985291	3.33348817450641
3.36821798096	4.63355327045	9.87606872061	9.34748628259	0.0418120181783386	1.26448386600551
3.49421077669	4.20772889971	9.34870381408	9.67626917157	0.0170079176092188	1.3046006764596
5.13803214184	4.87744979234	10.6274153269	9.96858040168	0.0203258070429611	1.04013203229733
4.15396742754	3.8343775009	9.41232002618	9.22755096653	0.00363223541073009	1.22242334176345
5.93296351866	5.96051866039	1.16587335939	0.64476260995	0.0324133049995648	-2.71560274494581
0.234799271004	1.20084329863	5.78629054086	4.97128143096	0.0193087572267766	2.90558397967245
0.830369729081	0.351528829462	4.78299034859	5.59022773481	0.019441431253113	3.13368541034564
3.09082125732	3.16382394607	7.83853583579	8.03985671053	0.00568384824056462	1.34406491370243
2.49660551264	1.91842058392	6.58778801544	7.02544966685	0.0080139715372085	1.62451635811822
1.92606775512	1.79444913893	6.66908347411	6.27789922418	0.0150664493419344	1.79904094116556
3.23055349772	3.10333649199	7.61661500407	7.53293249842	0.000760167077846041	1.25811098767559
2.55775561916	2.35388783628	7.14953374742	6.45018189714	0.0365099084258834	1.4692987446553
0.842737524633	1.08585291402	5.37276408969	5.54282449047	0.001959035469107	2.50077121817109
2.29564662726	3.30706561989	7.44281912023	6.99843247208	0.0406943462264381	1.36599847953209
5.93064982718	4.88804669127	2.50819790429	1.45782539871	0.0436185926538769	-1.44776162824857
3.69188028088	3.42594531337	8.22801055497	7.68922926083	0.0146602156762981	1.1610816935217
4.75239536615	5.42105494692	9.22564367475	9.43762932881	0.0335873667691591	0.875392965347386
4.42842382577	3.53353843099	8.54951901051	7.84258291602	0.0205223797547553	1.04180492266382
5.17792177754	5.13924026972	1.30745184129	1.18140791805	0.00524283180158179	-2.05148933599687
2.28125906991	3.16333126689	7.21443569751	6.50095020207	0.0205344857406947	1.33289980826649
7.24559073396	7.22027190536	2.93532018624	3.47871300244	0.04248055904776	-1.17334863374867
0.269551465744	0.271909680638	3.80419815174	4.40408565397	0.0497075382904518	3.92215089052615
7.13006598175	6.78164822368	11.3338373937	10.5435248824	0.0334235332037284	0.653138604699405
4.51165778851	4.10298559773	8.26082546735	8.41948411525	0.0159195080186442	0.953283084446677
5.35868108734	4.76979818136	9.20912433515	8.60836572316	0.0117743542192195	0.814876541116035
4.70264646274	4.50991748569	8.55137758609	8.56919485458	0.0146708409665043	0.894056306530299
6.3832463585	5.77728556626	10.4374607995	9.41736942646	0.0374613379813714	0.707283688382449
3.95799814998	3.69399982457	0.162712635796	0.166965790277	0.0229084215695609	-4.53670510555972
4.69338659261	4.74725311427	8.52194586004	8.51707486742	0.00419304337762069	0.851885896450199
0.13750352375	0.239591121248	3.67612069371	3.85167909087	0.00259695465859294	4.31922968901772
0.153713778774	0.578626719194	4.30580275599	3.70727077293	0.0139456581535483	3.45176923181159
2.96552573054	2.77833895985	6.62053216175	6.36837200741	0.00276346119591459	1.17718605175804
0.627125859615	0.26128516008	3.39255785192	3.3800339728	0.0393141372919228	2.93040885598264
3.58650055528	4.55251848074	7.41785251489	7.85866486946	0.0494042536083183	0.908388859308016
3.26745939164	3.61268275908	7.01436645239	7.26573692621	0.00486844758263462	1.05349614568067
3.73585790059	3.7182191307	7.12151279626	7.39044413855	0.023664449231028	0.961140446459631
7.26476159996	7.02959644138	10.835639902	10.7271461593	0.00662625743756363	0.593097766238709
4.50564326276	4.15382965096	0.839942661918	0.692338812456	0.0138554878322861	-2.49859787412709
11.4624971603	11.5789717242	14.8009302253	15.3315118111	0.038833860789994	0.387084907673901
3.27793269035	2.62086319368	5.85383600404	6.2973124922	0.022559249351071	1.04260028662956
1.64902216526	0.967951361612	4.58616424593	5.06749674622	0.0187123990396782	1.88317683426104
3.33379294771	2.44956665678	5.62706105535	6.73325942334	0.0474290036101615	1.09573643435857
4.35628469153	4.3340104249	7.79128012312	7.93292337384	0.0108155318516128	0.855509863920355
1.05973528494	1.60452683966	4.37626259618	5.18775191405	0.0274891222855955	1.84388028928627
0.410497415247	0.803448590924	4.42620436155	3.89884682873	0.0110291943046106	2.7777548883597
4.86702168849	4.57493103119	8.02160742337	7.93621390101	0.0184171887306879	0.757106534167988
5.32853491405	5.07411576703	2.07485476466	2.19463237352	0.0090670229528524	-1.28481650067683
2.32542095603	3.0510657793	5.8481546927	6.23992688698	0.0301873741251053	1.1688496452084
7.57288209122	7.43498677202	3.96651352694	4.0188299857	0.00486639327826973	-0.910292751161159
4.72230207254	4.1903304016	1.36311499459	0.916991718815	0.0118671167943281	-1.96675026852339
4.3316610623	4.92892578254	7.52481164711	8.41266585745	0.0338167409324409	0.783247780330966
7.54734185742	7.17865489277	4.69814067285	4.24465115615	0.0114948881398698	-0.719568089854717
1.46312543133	1.1366835777	4.64073659811	4.8379634193	0.00694814203585276	1.86628356850534
6.4318084658	5.56128947284	2.33083371913	2.74347188259	0.0431378598716516	-1.24092205571629
0.310557671928	0.335094460205	3.48286118726	3.17316581953	0.031754068549935	3.3658323107176
0.965980016247	1.99730324813	4.26996820063	5.12971988129	0.0434866068105334	1.66541634125117
3.47464370371	4.11732933629	6.69147833199	7.43267551574	0.0229502655056647	0.895617666591785
5.20003346411	4.66715413023	8.52799299981	8.060079818	0.0115494721276784	0.749435442774798
4.62297719091	4.8615881942	1.81234624661	1.1986827289	0.0356200949705907	-1.6553250746163
5.19025137537	4.64290947127	1.83418532699	1.57710732048	0.025205597398607	-1.52733671610707
6.66706895266	7.1939983785	10.5101410739	10.1875995125	0.0150649416996147	0.578434936080442
3.46125481958	4.24071120671	6.43936549044	7.40581371303	0.042031714891887	0.846085062711039
5.18640547356	4.84442582774	8.17457120523	8.58485354308	0.00703403623617436	0.740531457016287
4.71477852936	5.56426840737	7.93440445012	8.82678679829	0.0344565591051184	0.705418182200336
2.06286774056	2.62013124461	5.75387191494	5.572507728	0.0355160000160678	1.27418216217184
5.03857226198	4.66813614821	1.82674168109	1.51336946315	0.00638703202933046	-1.53908604394258
2.64520592076	2.94336063826	6.41192615327	5.7483887744	0.0335528449988531	1.12163040100914
4.82644679595	5.37520628763	8.25017048854	8.42246008616	0.0369345977279676	0.708678801320801
9.44024938411	10.4169321922	12.7202964178	13.3199786808	0.0481297065857746	0.391083820853678
9.44025864539	10.4169293788	12.7202964178	13.3199801988	0.0481282811878086	0.3910834364932
4.50989848899	4.3407189204	1.22679210865	1.42936958039	0.00211378292706643	-1.73643512872429
2.66742893556	2.37127168893	5.96190572811	5.56674819193	0.00763707800914632	1.19410042853735
4.26131266446	4.71694700948	1.17930084098	1.47250856692	0.0125306574745688	-1.75945873412408
4.0121037898	3.7990354842	0.910223791949	0.453573415898	0.0195899718487714	-2.51790384804802
3.90102133106	4.36482453173	0.812336387973	1.27769915465	0.0111298169255736	-1.98363498470711
0.427668384312	0.346361255955	3.50388296774	3.64000772175	0.00193437384559328	3.20624928726625
6.59112286202	6.56967184284	3.68020056335	3.38730187578	0.029740812116146	-0.896974226706335
2.5029466583	2.19802260762	5.40163729234	5.57438917049	0.00815188591145434	1.22332571131872
4.54020709882	4.46802281169	7.79934638752	7.51047935833	0.0211629710990243	0.765142308533199
3.7682478549	3.73617189361	0.698212253949	0.5444388948	0.0118180767437798	-2.59431918173483
5.74004516397	6.37079549592	3.17995366363	2.93111002506	0.040161842740805	-0.986803589711876
3.73264909174	3.78409561522	0.442858589918	0.678865169257	0.0179932579253897	-2.74439057105758
3.89367285189	4.52427058434	7.28344956049	7.46810266441	0.046607857150511	0.809327048607303
2.21573760768	3.14657865429	6.05050605077	5.47430299506	0.0445250851709252	1.10381463179408
4.3118590952	4.45800133025	1.52088484257	1.30903062979	0.00329666351949903	-1.63179492060933
2.30853562377	3.25354459358	5.51072461439	6.08536304125	0.0478291531019002	1.05994168722409
3.99831286406	3.28540073917	1.23184402165	0.456876574155	0.034144897361219	-2.10874354703338
6.87916661509	7.06100929208	4.44318226699	3.86218355783	0.0466600425946553	-0.747133145479871
2.32265214608	2.15046869294	5.19920118381	5.24412974986	0.0121666282890569	1.22322829985253
4.77765115942	4.53548068357	7.76239532772	7.83950615537	0.0142152939655598	0.744383560842946
5.76213351163	6.03024999088	8.53970553546	9.24100354772	0.0473283153313826	0.592457510571855
5.05579867609	4.13690500906	7.92777203724	7.37717581851	0.0453555298559849	0.735436986515388
3.83154287003	3.64333672605	1.06633033723	0.522919500108	0.038038161049004	-2.23370440007488
4.45210118615	4.66060351535	7.62396925586	7.70895970441	0.00865251316444191	0.750682090347214
0.15470400103	0.310356409013	3.2310406525	3.32742150444	0.00236504016944945	3.81786753255205
0.90877909718	1.00062815692	3.85779193994	3.6374363612	0.0103691020556636	1.97284757721844
1.12697946199	0.972402247941	4.15017783175	4.05521301091	0.00237619315581054	1.96660755290681
3.71291487678	3.67868041373	6.84727036677	6.70606081281	0.00994169068661663	0.874689812562873
5.91255406523	5.02189275522	2.8499712457	2.25286067973	0.0428160402357681	-1.09951020667607
4.54715365881	4.42099433529	1.65673889684	1.44129224076	0.00487684971994959	-1.53345844157321
6.82537860389	6.20803727005	3.43886236413	3.71063564155	0.03611257586013	-0.866301390148633
2.63318473374	2.53613249501	5.81389147302	5.48646982772	0.0223493963956119	1.12832325504754
7.70893901869	7.68619935067	10.6987827889	10.4780718617	0.0228826577238243	0.460013490890374
4.65359892015	4.68636605614	7.61668851195	7.84271490002	0.0208644118775942	0.726995600704304
3.39758120232	3.00228666188	6.53599382316	5.77238452108	0.0411694561353553	0.943526672396308
4.187704414	3.59300710003	6.68750866072	6.29703547086	0.0267168724760382	0.738821369107563
4.1612669482	3.62862197013	0.752643275106	1.18132522079	0.0152713396776622	-2.0100384623147
3.85906509639	4.17895361007	7.15709425211	6.90869283824	0.0056982878483746	0.807278444914701
3.6795363987	3.59856768299	6.62671217156	6.32100447447	0.0245020258626167	0.831063110452268
0.13750352375	0.276116661239	3.01375880812	3.14779348551	0.00113037980161247	3.89691536096388
4.32816147886	4.73340857625	7.30255667755	7.7032322354	0.00907055853127321	0.727686223100364
3.86287783834	3.09193673821	1.16893080237	0.581894957569	0.0381301258673584	-1.98997653570107
0.755152506245	0.305962352011	3.03347057665	3.52923375634	0.0148824925512185	2.62870961103208
4.8072364101	4.39371821769	7.62999039231	6.86157082574	0.047185840393588	0.655357570835676
3.25251254598	3.54561012124	6.38862352053	5.95464533751	0.0135461165332062	0.86051621324534
5.09128092638	4.86498343127	8.15600720952	7.6353553607	0.0293903081992184	0.66545921843052
3.12070692974	2.6460428117	5.55687386628	5.86459969923	0.0160783882323857	0.985918474554267
3.6905176672	4.00256751453	6.36702502898	6.68910343282	0.0069451292573577	0.763092969655413
5.34696397877	5.53219537879	7.96447372248	8.48704412179	0.0380653168283948	0.596653612983732
2.35482731407	1.5549718824	4.10031331701	4.80143806064	0.0439351005394825	1.1869946934541
5.49550052667	5.89209385429	8.16194746332	8.51995238148	0.0103798299894853	0.550820590561003
1.16020382454	1.71967849461	4.33661902539	3.89512809122	0.0199570819097395	1.51518880268417
8.72255823925	7.97559579669	11.3791563136	10.5398664113	0.0444408021605031	0.392494853120631
7.10898437319	6.80236126303	4.39947190882	4.20026892799	0.0084808383276975	-0.693896889376506
5.14560409596	5.8848274446	7.77217598935	8.6585828218	0.0454390641504544	0.57490987468487
2.40955115126	2.27914438641	5.1355759108	5.12958801166	0.0146784029518785	1.13049816052423
7.4308539414	7.01771038627	4.62171197715	4.30761795756	0.0110176050414579	-0.694302324047388
1.51571749739	2.28667714575	4.95415907907	4.42254922846	0.0355273156969004	1.30217327940481
1.82315015066	0.979440789787	3.7530054282	4.38463008464	0.0430407012102635	1.53784847573457
0.167422288744	0.474387238708	2.79903341129	3.12033700899	0.00706868699067097	3.20522662884414
5.89244688676	5.26989715779	2.95572754655	2.6664566619	0.0375691531884564	-0.989437389886847
5.82012023204	5.67309844261	8.60494234289	8.36402956869	0.00601749643183199	0.562116278713033
7.10698685384	7.20740484465	9.95247917989	9.96582467956	0.0100588303132861	0.476628436967978
3.14416223753	3.73943769694	6.33140247384	6.06127073384	0.0364543567825914	0.848252265508835
3.85018933852	3.8774301597	6.71483621469	6.60714830074	0.00790183941167534	0.785713046245607
5.30734472986	5.65700539993	2.62365854075	3.06402056297	0.0130799187482185	-0.946908328111533
2.59159086127	2.24261469981	5.25792333205	5.13741745131	0.0237281734202286	1.10458632776333
2.69298060117	3.22310895366	5.45370852119	5.80582898059	0.0207728663025916	0.928431771789906
2.51973311064	2.76918142507	5.68264071143	5.04647796377	0.0462914451477316	1.02048800531093
7.4857407724	7.1976983303	4.73633968944	4.69118238137	0.0309199522200026	-0.639239382659148
5.58327536478	5.7457643951	8.08647595497	7.61950838497	0.0452532055698693	0.471288779046168
2.41757981131	2.07134737143	4.8587568569	5.09663715462	0.00915019189155363	1.14910772189138
4.6414940079	5.11838464562	7.4359452322	7.80159843511	0.014460650340034	0.642695239582228
3.98548221434	3.657582845	6.49811999766	6.5862573394	0.0275472468813223	0.775622054616451
6.3474814104	6.61888173337	4.36874739983	4.06258802502	0.0084548656412145	-0.62094082319537
4.28959104517	4.88204628597	7.55187741515	6.8685386168	0.0297563905987042	0.652861573739577
7.26118288671	6.70222810596	9.084191856	9.78861230824	0.0356347187516953	0.434657390538154
3.47224730225	3.10298727685	0.759737908806	0.660992487856	0.0336489919866943	-2.21040955601874
3.37068322255	3.33895774965	5.96710864773	6.06344901281	0.0054903561539889	0.842396042192759
4.88308312648	5.07866106585	7.73569817102	7.5337034996	0.00280773227181477	0.61617326181096
6.58257707729	7.33424646501	4.34901843421	4.79481092873	0.04919394736222	-0.605959573411128
7.13064263141	6.68626239282	8.88228538783	9.47253041807	0.030344183208578	0.40972414741883
3.22984783052	2.92825471327	5.97284196981	5.46022488278	0.0230994524775633	0.892654653647048
4.23160136837	3.85581034562	6.28653928021	6.75127624861	0.0161746704909607	0.688952204739173
4.89717748784	4.32642948712	2.46409577986	1.86151871911	0.0277224524577483	-1.09242594265476
5.73927296179	5.17616716384	3.01511393678	2.65217669811	0.0244755040012402	-0.945639207969663
3.39860484456	3.27148095643	5.87691716218	6.10515004338	0.00694452816848981	0.845099605668172
4.75560332875	4.56560936073	7.48546708038	7.05366527714	0.0261672926147299	0.641351610256762
2.85297162885	2.23414259488	4.91712141368	5.22266547706	0.0399065012405715	0.995107938055123
0.88524713418	1.21561026498	3.26373153998	3.82583649734	0.0292626010117606	1.75471948881438
