U00096.2	NODE_1_length_1737_cov_1.1409
61790	1737
63526	1
NA	NA
15377	1
16785	1409
NA	NA
607182	1404
607190	1396
NA	NA
607191	1392
607217	1366
NA	NA
607220	1365
607255	1330
NA	NA
608549	36
608584	1
NA	NA
5158	1
5601	444
NA	NA
5606	445
5613	452
NA	NA
5632	453
5649	470
NA	NA
5655	471
5674	490
NA	NA
5679	491
5688	500
NA	NA
5690	501
5712	523
NA	NA
2302805	394
2302819	408
NA	NA
2302833	409
2302868	444
NA	NA
2302870	445
2302876	451
NA	NA
2302886	452
2302904	470
NA	NA
2302910	471
2302925	486
NA	NA
3748081	473
3748091	483
NA	NA
3748092	485
3748098	491
NA	NA
3748101	492
3748209	600
NA	NA
3748210	603
3748221	614
NA	NA
3748224	615
3748693	1084
NA	NA
65966	1084
66656	394
NA	NA
66649	486
66741	394
NA	NA
88623	1
89705	1083
NA	NA
24420	1
25375	956
NA	NA
3581453	1
3582222	770
NA	NA
19720	842
20561	1
NA	NA
278385	768
279152	1
NA	NA
1976527	766
1977292	1
NA	NA
53210	794
54003	1
NA	NA
77926	718
78643	1
NA	NA
14419	715
15133	1
NA	NA
85023	712
85734	1
NA	NA
57016	706
57721	1
NA	NA
37408	689
38096	1
NA	NA
55754	1
56388	635
NA	NA
51424	587
52010	1
NA	NA
18414	584
18997	1
NA	NA
10755	1
11300	546
NA	NA
8474	542
9015	1
NA	NA
87136	532
87667	1
NA	NA
17116	531
17646	1
NA	NA
19144	1
19664	521
NA	NA
1462513	209
1462794	490
NA	NA
35070	492
35561	1
NA	NA
79881	484
80364	1
NA	NA
30116	1
30589	474
NA	NA
10163	453
10615	1
NA	NA
68274	1
68726	453
NA	NA
21932	451
22382	1
NA	NA
40280	1
40720	441
NA	NA
1775208	119
1775326	1
NA	NA
11778	428
12205	1
NA	NA
13749	426
14174	1
NA	NA
33664	418
34081	1
NA	NA
75968	1
76385	418
NA	NA
21518	1
21925	408
NA	NA
28544	407
28950	1
NA	NA
83291	407
83697	1
NA	NA
23871	1
24272	402
NA	NA
32281	1
32678	398
NA	NA
48127	1
48513	387
NA	NA
3477891	387
3478041	237
NA	NA
3478048	236
3478071	213
NA	NA
3478072	202
3478082	192
NA	NA
3478083	177
3478090	170
NA	NA
3478093	169
3478097	165
NA	NA
3478098	161
3478106	153
NA	NA
3478117	152
3478182	87
NA	NA
3478191	86
3478192	85
NA	NA
3478200	84
3478219	65
NA	NA
3478220	49
3478263	6
NA	NA
84148	385
84532	1
NA	NA
9532	1
9914	383
NA	NA
26057	378
26434	1
NA	NA
2656237	1
2656285	49
NA	NA
2656286	56
2656292	62
NA	NA
2656293	64
2656304	75
NA	NA
2656305	81
2656351	127
NA	NA
2656352	130
2656363	141
NA	NA
2656364	143
2656509	288
NA	NA
2656510	292
2656539	321
NA	NA
2656543	322
2656582	361
NA	NA
12483	374
12856	1
NA	NA
50966	1
51337	372
NA	NA
29698	1
30069	372
NA	NA
480	372
851	1
NA	NA
35964	371
36334	1
NA	NA
73431	1
73798	368
NA	NA
13163	1
13528	366
NA	NA
2655620	345
2655625	340
NA	NA
2655628	339
2655801	166
NA	NA
2655808	165
2655955	18
NA	NA
25550	1
25911	362
NA	NA
3201162	250
3201194	218
NA	NA
3201195	216
3201212	199
NA	NA
3201213	197
3201249	161
NA	NA
3672404	246
3672442	208
NA	NA
3672450	207
3672496	161
NA	NA
3982241	248
3982276	213
NA	NA
3982279	212
3982282	209
NA	NA
3982299	208
3982350	157
NA	NA
94297	360
94656	1
NA	NA
92233	1
92591	359
NA	NA
34297	1
34655	359
NA	NA
23094	1
23448	355
NA	NA
58651	1
59005	355
NA	NA
69908	1
70262	355
NA	NA
42336	1
42686	351
NA	NA
75070	1
75420	351
NA	NA
79502	1
79848	347
NA	NA
9078	347
9424	1
NA	NA
3850319	1
3850554	236
NA	NA
3850555	241
3850563	249
NA	NA
3850569	250
3850585	266
NA	NA
3850586	269
3850588	271
NA	NA
3850590	272
3850648	330
NA	NA
85749	343
86091	1
NA	NA
3218	1
3558	341
NA	NA
59006	1
59346	341
NA	NA
997	1
1333	337
NA	NA
58113	1
58449	337
NA	NA
77598	1
77932	335
NA	NA
54557	1
54891	335
NA	NA
80554	328
80881	1
NA	NA
82495	1
82821	327
NA	NA
145	327
471	1
NA	NA
84702	308
85009	1
NA	NA
96582	308
96889	1
NA	NA
82916	1
83220	305
NA	NA
93842	303
94144	1
NA	NA
81814	1
82115	302
NA	NA
49287	1
49586	300
NA	NA
74220	298
74517	1
NA	NA
70258	297
70554	1
NA	NA
97495	1
97790	296
NA	NA
28080	1
28372	293
NA	NA
46027	292
46318	1
NA	NA
30588	1
30877	290
NA	NA
68723	1
69011	289
NA	NA
78667	289
78955	1
NA	NA
32995	287
33281	1
NA	NA
17875	285
18159	1
NA	NA
50382	284
50665	1
NA	NA
91308	284
91591	1
NA	NA
44349	280
44628	1
NA	NA
41387	1
41665	279
NA	NA
86537	277
86813	1
NA	NA
5590	1
5865	276
NA	NA
698642	86
698727	1
NA	NA
46968	1
47242	275
NA	NA
38693	1
38964	272
NA	NA
2109	271
2379	1
NA	NA
1570	1
1840	271
NA	NA
36835	266
37100	1
NA	NA
89998	1
90263	266
NA	NA
41139	1
41402	264
NA	NA
31040	1
31302	263
NA	NA
75720	1
75981	262
NA	NA
42764	262
43025	1
NA	NA
31579	261
31839	1
NA	NA
2793	259
3051	1
NA	NA
76388	1
76644	257
NA	NA
2418	250
2667	1
NA	NA
7170	1
7417	248
NA	NA
3561	245
3805	1
NA	NA
49639	1
49881	243
NA	NA
86104	242
86345	1
NA	NA
60502	241
60742	1
NA	NA
54238	239
54476	1
NA	NA
34838	1
35072	235
NA	NA
13518	235
13752	1
NA	NA
67082	231
67312	1
NA	NA
46477	1
46705	229
NA	NA
22791	228
23018	1
NA	NA
59343	1
59569	227
NA	NA
43821	224
44044	1
NA	NA
95941	1
96164	224
NA	NA
95417	1
95640	224
NA	NA
64209	1
64428	220
NA	NA
6755	1
6973	219
NA	NA
95704	1
95921	218
NA	NA
38192	1
38406	215
NA	NA
81025	1
81235	211
NA	NA
65542	211
65752	1
NA	NA
71845	210
72054	1
NA	NA
60725	209
60933	1
NA	NA
90811	207
91017	1
NA	NA
