U00096.2	NODE_1_length_100000_cov_225.073
1	1
100000	100000
NA	NA
385489	72875
385585	72779
NA	NA
385592	72778
385612	72758
NA	NA
385622	72757
385630	72749
NA	NA
385631	72730
385646	72715
NA	NA
385647	72712
385653	72706
NA	NA
385654	72701
385672	72683
NA	NA
385673	72677
385678	72672
NA	NA
385680	72671
385684	72667
NA	NA
385686	72666
385701	72651
NA	NA
385702	72647
385724	72625
NA	NA
385725	72616
385730	72611
NA	NA
385731	72606
385741	72596
NA	NA
385748	72595
385766	72577
NA	NA
385767	72572
385773	72566
NA	NA
385782	72565
385794	72553
NA	NA
385804	72552
385812	72544
NA	NA
385813	72542
385862	72493
NA	NA
385863	72491
385876	72478
NA	NA
385878	72477
385909	72446
NA	NA
385910	72443
385917	72436
NA	NA
385920	72435
386020	72335
NA	NA
1379238	72549
1379379	72408
NA	NA
1379380	72405
1379383	72402
NA	NA
1379384	72397
1379397	72384
NA	NA
2131435	72242
2131453	72224
NA	NA
2131454	72222
2131492	72184
NA	NA
2441758	72281
2441778	72261
NA	NA
2441779	72246
2441784	72241
NA	NA
2441785	72236
2441800	72221
NA	NA
2441811	72220
2441852	72179
NA	NA
2441853	72173
2441904	72122
NA	NA
2579684	66812
2579720	66776
NA	NA
3040326	66744
3040391	66679
NA	NA
3040414	66678
3040427	66665
NA	NA
3040433	66664
3040448	66649
NA	NA
3040456	66648
3040498	66606
NA	NA
3137645	66761
3137656	66750
NA	NA
3137662	66749
3137680	66731
NA	NA
3137687	66730
3137726	66691
NA	NA
3148683	66684
3148720	66647
NA	NA
3148728	66646
3148745	66629
NA	NA
3148746	66626
3148763	66609
NA	NA
3148783	66608
3148791	66600
NA	NA
3148796	66599
3148831	66564
NA	NA
3706294	66679
3706308	66665
NA	NA
3706314	66664
3706336	66642
NA	NA
3706346	66641
3706380	66607
NA	NA
3748081	66577
3748091	66567
NA	NA
3748092	66565
3748098	66559
NA	NA
3748101	66558
3748209	66450
NA	NA
3748210	66447
3748221	66436
NA	NA
3748224	66435
3748805	65854
NA	NA
4025540	39233
4025577	39196
NA	NA
4025580	39195
4025584	39191
NA	NA
4025585	39189
4025589	39185
NA	NA
4025592	39184
4025626	39150
NA	NA
4061546	39217
4061573	39190
NA	NA
4061578	39189
4061619	39148
NA	NA
4125970	25800
4126017	25753
NA	NA
4126033	25752
4126039	25746
NA	NA
4126043	25745
4126056	25732
NA	NA
4126057	25724
4126071	25710
NA	NA
4151558	25796
4151606	25748
NA	NA
4151614	25747
4151652	25709
NA	NA
4516495	20563
4517268	19790
NA	NA
4631148	5679
4631216	5611
NA	NA
4631217	5601
4631262	5556
NA	NA
