U00096.2	NODE_1_length_33205_cov_349.680511
3848882	12426
3848932	12476
NA	NA
3848934	12477
3848937	12480
NA	NA
3848940	12481
3848963	12504
NA	NA
3848965	12505
3848992	12532
NA	NA
3848993	12538
3848999	12544
NA	NA
3849000	12547
3849063	12610
NA	NA
3849064	12618
3849085	12639
NA	NA
3849086	12645
3849097	12656
NA	NA
3849104	12657
3849119	12672
NA	NA
3849120	12674
3849125	12679
NA	NA
3849129	12680
3849145	12696
NA	NA
3849147	12697
3849153	12703
NA	NA
3849161	12704
3849189	12732
NA	NA
3849190	12763
3849219	12792
NA	NA
3849226	12793
3849236	12803
NA	NA
3849237	12811
3849253	12827
NA	NA
3849258	12828
3849266	12836
NA	NA
3849270	12837
3849282	12849
NA	NA
3849283	12857
3849301	12875
NA	NA
3849303	12876
3849311	12884
NA	NA
3849314	12885
3849320	12891
NA	NA
3849329	12892
3849342	12905
NA	NA
3849354	12906
3849400	12952
NA	NA
3849410	12953
3849425	12968
NA	NA
3849426	12974
3849437	12985
NA	NA
3849438	12990
3849657	13209
NA	NA
3849658	13214
3849667	13223
NA	NA
3849673	13224
3849680	13231
NA	NA
3849681	13233
3849690	13242
NA	NA
3849693	13243
3849695	13245
NA	NA
3849696	13255
3849707	13266
NA	NA
3849708	13270
3849729	13291
NA	NA
3849733	13292
3849742	13301
NA	NA
3849744	13302
3849748	13306
NA	NA
3849749	13308
3849772	13331
NA	NA
3849773	13334
3849788	13349
NA	NA
3849789	13356
3849804	13371
NA	NA
3849805	13374
3849808	13377
NA	NA
3849809	13382
3850126	13699
NA	NA
3850127	13701
3850132	13706
NA	NA
3850133	13712
3850181	13760
NA	NA
3850185	13761
3850246	13822
NA	NA
3850247	13826
3850250	13829
NA	NA
3850252	13830
3850258	13836
NA	NA
3850260	13837
3850291	13868
NA	NA
3850292	13871
3850304	13883
NA	NA
3850305	13892
3850310	13897
NA	NA
3850311	13902
3850554	14145
NA	NA
3850555	14150
3850563	14158
NA	NA
3850569	14159
3850585	14175
NA	NA
3850586	14178
3850588	14180
NA	NA
3850590	14181
3850654	14245
NA	NA
3850655	14254
3850662	14261
NA	NA
3850671	14262
3850767	14358
NA	NA
4244891	27146
4244996	27251
NA	NA
4245003	27252
4245015	27264
NA	NA
4245016	27271
4245030	27285
NA	NA
4245031	27288
4245038	27295
NA	NA
4245041	27296
4245105	27360
NA	NA
4245106	27373
4245158	27425
NA	NA
4245161	27426
4245169	27434
NA	NA
4245180	27435
4245260	27515
NA	NA
4245263	27516
4245271	27524
NA	NA
4245272	27527
4245322	27577
NA	NA
4324070	27777
4324118	27825
NA	NA
4324122	27826
4324142	27846
NA	NA
4324143	27848
4324169	27874
NA	NA
4458419	33170
4458471	33222
NA	NA
66766	33235
100000	1
NA	NA
59090	1
66593	7504
NA	NA
3748081	7488
3748091	7478
NA	NA
3748092	7476
3748098	7470
NA	NA
3748101	7469
3748209	7361
NA	NA
3748210	7358
3748221	7347
NA	NA
3748224	7346
3748805	6765
NA	NA
1	1
5592	5592
NA	NA
66615	5592
66656	5551
NA	NA
3581755	1
3581893	139
NA	NA
20121	139
20259	1
NA	NA
5572	1
20119	14548
NA	NA
278385	14223
278710	14548
NA	NA
1976527	14225
1976850	14548
NA	NA
1049445	14548
1049784	14209
NA	NA
2655431	8127
2655801	7757
NA	NA
2655808	7756
2656007	7557
NA	NA
2656008	7551
2656014	7545
NA	NA
2656018	7544
2656022	7540
NA	NA
2656025	7539
2656081	7483
NA	NA
2656082	7473
2656111	7444
NA	NA
2656112	7437
2656123	7426
NA	NA
2656124	7410
2656159	7375
NA	NA
2656163	7374
2656171	7366
NA	NA
2656172	7360
2656175	7357
NA	NA
2656178	7356
2656186	7348
NA	NA
2656189	7347
2656192	7344
NA	NA
2656193	7341
2656199	7335
NA	NA
2656200	7333
2656213	7320
NA	NA
2656214	7308
2656285	7237
NA	NA
2656286	7230
2656292	7224
NA	NA
2656293	7222
2656304	7211
NA	NA
2656305	7205
2656351	7159
NA	NA
2656352	7156
2656363	7145
NA	NA
2656364	7143
2656509	6998
NA	NA
2656510	6994
2656539	6965
NA	NA
2656543	6964
2656650	6857
NA	NA
2656651	6855
2656663	6843
NA	NA
2656665	6842
2656678	6829
NA	NA
2656679	6821
2656683	6817
NA	NA
2656685	6816
2656707	6794
NA	NA
2656708	6791
2656717	6782
NA	NA
2656719	6781
2656730	6770
NA	NA
2656732	6769
2656766	6735
NA	NA
2656767	6731
2656891	6607
NA	NA
3637226	104
3637314	16
NA	NA
20090	1
20150	61
NA	NA
3581864	61
3581924	1
NA	NA
1049414	1
1049474	61
NA	NA
278681	61
278741	1
NA	NA
20303	1
20455	153
NA	NA
3581559	153
3581711	1
NA	NA
1049232	1
1049292	61
NA	NA
20272	61
20332	1
NA	NA
508008	18
508050	60
NA	NA
1455792	3317
1455952	3477
NA	NA
1455955	3478
1455976	3499
NA	NA
1455977	3502
1456050	3575
NA	NA
1462513	3849
1462862	4198
NA	NA
1462863	4206
1462868	4211
NA	NA
1462869	4213
1462882	4226
NA	NA
1462888	4227
1462895	4234
NA	NA
1462896	4237
1462905	4246
NA	NA
1462911	4247
1463033	4369
NA	NA
2252609	11313
2252781	11485
NA	NA
2252793	11486
2252805	11498
NA	NA
2252806	11502
2252812	11508
NA	NA
2252813	11517
2252855	11559
NA	NA
2252856	11561
2252868	11573
NA	NA
2252870	11574
2252969	11673
NA	NA
2252986	11674
2253005	11693
NA	NA
2253007	11694
2253016	11703
NA	NA
2253017	11705
2253031	11719
NA	NA
2253032	11730
2253050	11748
NA	NA
2253051	11755
2253130	11834
NA	NA
2253131	11840
2253144	11853
NA	NA
2253150	11854
2253193	11897
NA	NA
3201162	13403
3201195	13436
NA	NA
3982241	13405
3982276	13440
NA	NA
25762	13440
39201	1
NA	NA
2314909	1
2314944	36
NA	NA
2314952	37
2314961	46
NA	NA
2314970	47
2315006	83
NA	NA
3253243	1
3253278	36
NA	NA
3253296	37
3253346	87
NA	NA
3581443	5218
3581449	5224
NA	NA
3581450	5228
3581576	5354
NA	NA
20438	5354
25791	1
NA	NA
39172	1
59082	19911
NA	NA
3476956	10268
3476988	10236
NA	NA
3476989	10234
3477004	10219
NA	NA
3477006	10218
3477105	10119
NA	NA
3477111	10118
3477131	10098
NA	NA
3477132	10092
3477314	9910
NA	NA
3477317	9909
3477322	9904
NA	NA
3477323	9899
3477333	9889
NA	NA
3477336	9888
3477445	9779
NA	NA
3477455	9778
3477479	9754
NA	NA
3477482	9753
3477495	9740
NA	NA
3477496	9737
3477573	9660
NA	NA
3477574	9657
3477592	9639
NA	NA
3477595	9638
3478041	9192
NA	NA
3478048	9191
3478071	9168
NA	NA
3478072	9157
3478082	9147
NA	NA
3478083	9132
3478090	9125
NA	NA
3478093	9124
3478097	9120
NA	NA
3478098	9116
3478106	9108
NA	NA
3478117	9107
3478182	9042
NA	NA
3478191	9041
3478192	9040
NA	NA
3478200	9039
3478219	9020
NA	NA
3478220	9004
3478506	8718
NA	NA
3478507	8715
3478511	8711
NA	NA
3478514	8710
3478598	8626
NA	NA
3478604	8625
3478620	8609
NA	NA
3478621	8606
3478640	8587
NA	NA
3478656	8586
3478660	8582
NA	NA
3478661	8580
3478680	8561
NA	NA
3478683	8560
3478699	8544
NA	NA
3478700	8542
3478716	8526
NA	NA
3478724	8525
3478734	8515
NA	NA
3478744	8514
3478751	8507
NA	NA
3478754	8506
3478776	8484
NA	NA
3478780	8483
3478795	8468
NA	NA
3478797	8467
3478801	8463
NA	NA
3478802	8460
3478811	8451
NA	NA
3478812	8446
3478825	8433
NA	NA
3478826	8429
3478833	8422
NA	NA
3478834	8406
3478998	8242
NA	NA
3479000	8241
3479006	8235
NA	NA
3479007	8233
3479150	8090
NA	NA
3706344	62
3706381	25
NA	NA
278821	1
278887	67
NA	NA
1049268	67
1049334	1
NA	NA
1049232	1
1049292	61
NA	NA
278863	61
278923	1
NA	NA
3581713	1
3581773	61
NA	NA
20241	61
20301	1
NA	NA
4092366	1
4092416	51
NA	NA
66596	61
66656	1
NA	NA
