U00096.2	NODE_1_length_288_cov_2.038194
69908	318
70225	1
NA	NA
84148	306
84453	1
NA	NA
13804	1
14119	316
NA	NA
48145	191
48335	1
NA	NA
2655628	3
2655801	176
NA	NA
2655808	177
2655955	324
NA	NA
13173	331
13503	1
NA	NA
13038	1
13158	121
NA	NA
91309	1
91513	205
NA	NA
91488	104
91591	1
NA	NA
8474	542
9015	1
NA	NA
77926	679
78604	1
NA	NA
66216	1
66593	378
NA	NA
3748081	362
3748091	352
NA	NA
3748092	350
3748098	344
NA	NA
3748101	343
3748209	235
NA	NA
3748210	232
3748221	221
NA	NA
3748224	220
3748431	13
NA	NA
61790	998
62787	1
NA	NA
47250	1
47356	107
NA	NA
145	1
287	143
NA	NA
290	152
441	1
NA	NA
74551	116
74666	1
NA	NA
3850319	1
3850554	236
NA	NA
3850555	241
3850563	249
NA	NA
3850569	250
3850585	266
NA	NA
3850586	269
3850588	271
NA	NA
3850590	272
3850598	280
NA	NA
85812	280
86091	1
NA	NA
14419	1
14764	346
NA	NA
14777	357
15133	1
NA	NA
65406	95
65500	1
NA	NA
65240	1
65354	115
NA	NA
41387	1
41597	211
NA	NA
96716	150
96865	1
NA	NA
96582	1
96701	120
NA	NA
79176	1
79277	102
NA	NA
79279	103
79381	1
NA	NA
2257	123
2379	1
NA	NA
2512285	1
2513260	976
NA	NA
608549	36
608584	1
NA	NA
2793	1
2914	122
NA	NA
2931	121
3051	1
NA	NA
70258	290
70547	1
NA	NA
76916	1
77051	136
NA	NA
77064	101
77164	1
NA	NA
20570	1
20680	111
NA	NA
20713	162
20874	1
NA	NA
3581578	1
3582209	632
NA	NA
19805	632
20436	1
NA	NA
3218	341
3558	1
NA	NA
85374	1
85602	229
NA	NA
5879	165
6043	1
NA	NA
5590	1
5861	272
NA	NA
698642	86
698727	1
NA	NA
59040	127
59166	1
NA	NA
58651	1
58970	320
NA	NA
22027	356
22382	1
NA	NA
88623	576
89198	1
NA	NA
607219	20
607255	56
NA	NA
16331	431
16761	1
NA	NA
87337	321
87657	1
NA	NA
87136	1
87328	193
NA	NA
95941	1
96040	100
NA	NA
96034	131
96164	1
NA	NA
10952	270
11221	1
NA	NA
10768	1
10958	191
NA	NA
38693	1
38964	272
NA	NA
18563	435
18997	1
NA	NA
18414	1
18513	100
NA	NA
4328	1
4447	120
NA	NA
4471	104
4574	1
NA	NA
17116	531
17646	1
NA	NA
21518	1
21912	395
NA	NA
34895	101
34995	1
NA	NA
92922	1
93040	119
NA	NA
93048	145
93192	1
NA	NA
68274	453
68726	1
NA	NA
67082	231
67312	1
NA	NA
19720	1
19823	104
NA	NA
9078	1
9171	94
NA	NA
9195	230
9424	1
NA	NA
22791	1
22927	137
NA	NA
22905	114
23018	1
NA	NA
9740	100
9839	1
NA	NA
9606	1
9740	135
NA	NA
38267	140
38406	1
NA	NA
93842	1
94089	248
NA	NA
10163	1
10615	453
NA	NA
32522	100
32621	1
NA	NA
32286	1
32454	169
NA	NA
19144	521
19664	1
NA	NA
41865	1
41964	100
NA	NA
41999	104
42102	1
NA	NA
82916	1
83220	305
NA	NA
83300	398
83697	1
NA	NA
28617	334
28950	1
NA	NA
76545	100
76644	1
NA	NA
76392	1
76491	100
NA	NA
89409	138
89546	1
NA	NA
89184	1
89415	232
NA	NA
79502	275
79776	1
NA	NA
40616	100
40715	1
NA	NA
40280	1
40540	261
NA	NA
1775208	119
1775326	1
NA	NA
80063	302
80364	1
NA	NA
92233	1
92504	272
NA	NA
3581453	1
3581576	124
NA	NA
20438	124
20561	1
NA	NA
91590	126
91715	1
NA	NA
46027	1
46281	255
NA	NA
82558	264
82821	1
NA	NA
28080	1
28372	293
NA	NA
21287	114
21400	1
NA	NA
21171	1
21270	100
NA	NA
43821	1
44044	224
NA	NA
37408	689
38096	1
NA	NA
30116	148
30263	1
NA	NA
72347	163
72509	1
NA	NA
72206	1
72336	131
NA	NA
95512	129
95640	1
NA	NA
36842	100
36941	1
NA	NA
36729	1
36849	121
NA	NA
60588	1
60742	155
NA	NA
60748	140
60887	1
NA	NA
53607	105
53711	1
NA	NA
53458	1
53557	100
NA	NA
5551	23
5600	72
NA	NA
2302439	1
2302452	14
NA	NA
2302458	15
2302482	39
NA	NA
2302496	40
2302528	72
NA	NA
66607	72
66678	1
NA	NA
4315946	1
4316002	57
NA	NA
66661	61
66721	1
NA	NA
66576	1
66636	61
NA	NA
4315946	61
4316002	5
NA	NA
64709	1
64808	100
NA	NA
64817	122
64938	1
NA	NA
8379	1
8481	103
NA	NA
60110	1
60238	129
NA	NA
50966	1
51337	372
NA	NA
42764	262
43025	1
NA	NA
3581547	1
3581607	61
NA	NA
20407	61
20467	1
NA	NA
65542	1
65752	211
NA	NA
99540	143
99682	1
NA	NA
99352	1
99487	136
NA	NA
64242	100
64341	1
NA	NA
64082	1
64181	100
NA	NA
7300	118
7417	1
NA	NA
7170	1
7293	124
NA	NA
31579	261
31839	1
NA	NA
46492	1
46705	214
NA	NA
63016	510
63525	1
NA	NA
91955	1
92059	105
NA	NA
16879	121
16999	1
NA	NA
64329	100
64428	1
NA	NA
78687	269
78955	1
NA	NA
85061	1
85204	144
NA	NA
85178	201
85378	1
NA	NA
57016	123
57138	1
NA	NA
30588	1
30877	290
NA	NA
75968	341
76308	1
NA	NA
23947	1
24261	315
NA	NA
76821	102
76922	1
NA	NA
76709	1
76808	100
NA	NA
27983	1
28082	100
NA	NA
22475	1
22608	134
NA	NA
22594	100
22693	1
NA	NA
12483	1
12837	355
NA	NA
2656256	355
2656285	326
NA	NA
2656286	319
2656292	313
NA	NA
2656293	311
2656304	300
NA	NA
2656305	294
2656351	248
NA	NA
2656352	245
2656363	234
NA	NA
2656364	232
2656509	87
NA	NA
2656510	83
2656539	54
NA	NA
2656543	53
2656582	14
NA	NA
50146	117
50262	1
NA	NA
81103	133
81235	1
NA	NA
33673	257
33929	1
NA	NA
23094	352
23445	1
NA	NA
55754	589
56342	1
NA	NA
49639	1
49881	243
NA	NA
73438	1
73661	224
NA	NA
36460	1
36560	101
NA	NA
57170	99
57268	1
NA	NA
54016	104
54119	1
NA	NA
53867	1
53979	113
NA	NA
3477892	1
3478039	148
NA	NA
48365	148
48512	1
NA	NA
21932	116
22047	1
NA	NA
79749	1
79840	92
NA	NA
79889	96
79984	1
NA	NA
94297	209
94505	1
NA	NA
41139	1
41402	264
NA	NA
25558	155
25712	1
NA	NA
96285	1
96384	100
NA	NA
96441	95
96535	1
NA	NA
29748	311
30058	1
NA	NA
29565	1
29708	144
NA	NA
17009	103
17111	1
NA	NA
89885	118
90002	1
NA	NA
35079	1
35457	379
NA	NA
1462513	275
1462787	1
NA	NA
57299	135
57433	1
NA	NA
62800	206
63005	1
NA	NA
30260	1
30514	255
NA	NA
86537	1
86813	277
NA	NA
24420	466
24885	1
NA	NA
60946	1
61053	108
NA	NA
61068	100
61167	1
NA	NA
60384	1
60477	94
NA	NA
32995	1
33281	287
NA	NA
54133	100
54232	1
NA	NA
50865	114
50978	1
NA	NA
9939	1
10051	113
NA	NA
10082	101
10182	1
NA	NA
1065	150
1214	1
NA	NA
98777	112
98888	1
NA	NA
98650	1
98747	98
NA	NA
32835	120
32954	1
NA	NA
32668	1
32787	120
NA	NA
5158	1
5421	264
NA	NA
2418	95
2512	1
NA	NA
81814	1
81942	129
NA	NA
81986	100
82085	1
NA	NA
8245	100
8344	1
NA	NA
9816	1
9913	98
NA	NA
21424	100
21523	1
NA	NA
97518	1
97786	269
NA	NA
51424	1
51877	454
NA	NA
51893	100
51992	1
NA	NA
95704	218
95921	1
NA	NA
35964	274
36237	1
NA	NA
3561	1
3700	140
NA	NA
71634	100
71733	1
NA	NA
46968	1
47228	261
NA	NA
557	295
851	1
NA	NA
71845	1
72054	210
NA	NA
72049	100
72148	1
NA	NA
63553	120
63672	1
NA	NA
55196	100
55295	1
NA	NA
55057	1
55156	100
NA	NA
5028	1
5145	118
NA	NA
48891	1
48990	100
NA	NA
49009	100
49108	1
NA	NA
11778	428
12205	1
NA	NA
3477684	14
3477870	200
NA	NA
48532	202
48733	1
NA	NA
25148	1
25375	228
NA	NA
31040	1
31139	100
NA	NA
59182	132
59313	1
NA	NA
35449	113
35561	1
NA	NA
13606	1
13752	147
NA	NA
77827	1
77926	100
NA	NA
53210	1
53305	96
NA	NA
53282	199
53480	1
NA	NA
3201162	113
3201194	145
NA	NA
3201195	147
3201212	164
NA	NA
3201213	166
3201248	201
NA	NA
3672404	117
3672442	155
NA	NA
3672450	156
3672495	201
NA	NA
3982241	115
3982276	150
NA	NA
3982279	151
3982282	154
NA	NA
3982299	155
3982345	201
NA	NA
25711	201
25911	1
NA	NA
26841	204
27044	1
NA	NA
54238	1
54332	95
NA	NA
54377	100
54476	1
NA	NA
2568	100
2667	1
NA	NA
73156	1
73354	199
NA	NA
75070	318
75387	1
NA	NA
29424	1
29523	100
NA	NA
89581	100
89680	1
NA	NA
59594	100
59693	1
NA	NA
59455	1
59569	115
NA	NA
44498	1
44596	99
NA	NA
44644	100
44743	1
NA	NA
54557	1
54891	335
NA	NA
65985	1
66124	140
NA	NA
3748539	136
3748674	1
NA	NA
95417	1
95516	100
NA	NA
45653	102
45754	1
NA	NA
24898	274
25171	1
NA	NA
57437	285
57721	1
NA	NA
37000	100
37099	1
NA	NA
42336	1
42441	106
NA	NA
42415	272
42686	1
NA	NA
35822	136
35957	1
NA	NA
35648	1
35744	97
NA	NA
87698	100
87797	1
NA	NA
20901	100
21000	1
NA	NA
46321	1
46485	165
NA	NA
80554	1
80873	320
NA	NA
68793	1
69011	219
NA	NA
86220	126
86345	1
NA	NA
86104	1
86203	100
NA	NA
96932	94
97025	1
NA	NA
91849	120
91968	1
NA	NA
75720	262
75981	1
NA	NA
94557	100
94656	1
NA	NA
53683	1
53889	207
NA	NA
43069	1
43168	100
NA	NA
43191	100
43290	1
NA	NA
13518	1
13615	98
NA	NA
34297	1
34555	259
NA	NA
74220	1
74424	205
NA	NA
18204	1
18298	95
NA	NA
18330	100
18429	1
NA	NA
32165	1
32264	100
NA	NA
98440	1
98539	100
NA	NA
58131	1
58230	100
NA	NA
58244	206
58449	1
NA	NA
99147	93
99239	1
NA	NA
84834	103
84936	1
NA	NA
84702	1
84820	119
NA	NA
27573	1
27667	95
NA	NA
11194	1
11300	107
NA	NA
90416	93
90508	1
NA	NA
49324	263
49586	1
NA	NA
30884	1
30983	100
NA	NA
89998	1
90263	266
NA	NA
26057	308
26364	1
NA	NA
6079	1
6181	103
NA	NA
18038	122
18159	1
NA	NA
17902	1
18017	116
NA	NA
480	101
580	1
NA	NA
48742	1
48843	102
NA	NA
36318	1
36449	132
NA	NA
99265	104
99368	1
NA	NA
22375	95
22469	1
NA	NA
50382	1
50655	274
NA	NA
1741	100
1840	1
NA	NA
1570	1
1669	100
NA	NA
385489	12
385583	106
NA	NA
72765	122
72886	1
NA	NA
98297	1
98394	98
NA	NA
56727	1
56826	100
NA	NA
44349	1
44517	169
NA	NA
77598	1
77698	101
NA	NA
77710	139
77848	1
NA	NA
6829	1
6973	145
NA	NA
12875	1
12972	98
NA	NA
31952	100
32051	1
NA	NA
97779	123
97901	1
NA	NA
71762	1
71857	96
NA	NA
65841	1
65940	100
NA	NA
3748719	100
3748805	14
NA	NA
1049097	1
1049157	61
NA	NA
278998	61
279058	1
NA	NA
6396	1
6529	134
NA	NA
59343	133
59475	1
NA	NA
