awk 'NR>1872' ~/data/day1/SRR072893.sam | awk '{print $3}' | sort | uniq -c
4679237 *
   1 211000022278047
   1 211000022278089
   2 211000022278100
   3 211000022278114
   4 211000022278134
   6 211000022278158
   1 211000022278201
 195 211000022278202
   2 211000022278217
  11 211000022278254
   1 211000022278258
   1 211000022278273
   3 211000022278282
   2 211000022278305
   3 211000022278312
1238 211000022278339
   2 211000022278354
   1 211000022278362
   5 211000022278390
   2 211000022278413
   9 211000022278415
   1 211000022278420
  57 211000022278426
   4 211000022278440
   4 211000022278441
  14 211000022278446
   2 211000022278450
 525 211000022278498
   3 211000022278520
   1 211000022278536
   1 211000022278546
   1 211000022278549
 984 211000022278554
   1 211000022278573
   1 211000022278593
   1 211000022278676
   2 211000022278678
   1 211000022278680
   9 211000022278684
 645 211000022278704
   2 211000022278710
   4 211000022278716
  24 211000022278724
   2 211000022278727
  85 211000022278750
   1 211000022278772
   1 211000022278787
   1 211000022278790
   2 211000022278804
   1 211000022278807
   1 211000022278848
 495 211000022278876
  32 211000022278877
 731 211000022278878
1654 211000022278879
   9 211000022278880
  37 211000022278881
 495 211000022278882
   1 211000022278886
   7 211000022278903
  11 211000022278928
   1 211000022278935
   1 211000022278941
   1 211000022278942
   1 211000022278974
   1 211000022278978
   2 211000022278992
   1 211000022279001
   1 211000022279003
  55 211000022279009
   1 211000022279018
   1 211000022279040
 545 211000022279055
  16 211000022279056
   1 211000022279057
   3 211000022279058
   7 211000022279087
   1 211000022279098
1490 211000022279100
  26 211000022279108
 703 211000022279109
   1 211000022279121
 493 211000022279132
 106 211000022279134
   4 211000022279147
  45 211000022279168
   1 211000022279172
   1 211000022279177
   4 211000022279179
   2 211000022279188
 154 211000022279189
   2 211000022279215
 343 211000022279222
   1 211000022279224
   1 211000022279239
   2 211000022279264
   3 211000022279279
   5 211000022279284
   2 211000022279329
 372 211000022279343
   4 211000022279344
   1 211000022279356
   1 211000022279384
   2 211000022279399
   3 211000022279412
   3 211000022279420
   2 211000022279423
   1 211000022279424
   1 211000022279441
   8 211000022279446
   1 211000022279450
   2 211000022279453
   2 211000022279458
 431 211000022279467
   1 211000022279468
   1 211000022279476
  12 211000022279477
   1 211000022279490
   3 211000022279496
   1 211000022279499
   1 211000022279510
   8 211000022279511
  94 211000022279529
 535 211000022279531
   4 211000022279532
   1 211000022279539
 283 211000022279540
   1 211000022279550
  51 211000022279555
   4 211000022279569
   1 211000022279582
   1 211000022279601
   1 211000022279604
   1 211000022279605
 105 211000022279608
   3 211000022279613
   1 211000022279659
   3 211000022279664
   1 211000022279670
1229 211000022279676
 534 211000022279708
   1 211000022279709
   1 211000022279719
  83 211000022279722
   1 211000022279723
   2 211000022279735
   3 211000022279754
   4 211000022279755
   1 211000022279761
   5 211000022279762
   1 211000022279782
   1 211000022279785
   1 211000022279789
   2 211000022279804
   1 211000022279805
  50 211000022279810
   2 211000022279813
   1 211000022279829
   3 211000022279855
  13 211000022279856
   5 211000022279867
   2 211000022279884
   1 211000022279892
   1 211000022279926
   2 211000022279928
   2 211000022279931
   1 211000022279934
   3 211000022279941
   4 211000022279945
   3 211000022279948
   1 211000022279965
   1 211000022279973
   2 211000022279978
   1 211000022279980
   1 211000022279982
   1 211000022279984
   1 211000022279988
   1 211000022279991
   5 211000022279994
   3 211000022280012
   2 211000022280020
 707 211000022280043
   1 211000022280051
   1 211000022280061
   2 211000022280087
   3 211000022280091
   4 211000022280130
   2 211000022280135
   2 211000022280138
   3 211000022280141
   2 211000022280156
  19 211000022280160
   5 211000022280168
   1 211000022280171
   2 211000022280180
   1 211000022280194
   2 211000022280205
  81 211000022280218
   3 211000022280236
   2 211000022280241
   2 211000022280260
   2 211000022280270
   1 211000022280284
 101 211000022280304
   1 211000022280325
   2 211000022280328
   1 211000022280336
   3 211000022280427
   4 211000022280437
   1 211000022280459
   3 211000022280461
   1 211000022280476
   1 211000022280481
 388 211000022280508
   1 211000022280511
  16 211000022280517
   4 211000022280519
   1 211000022280522
   5 211000022280535
  62 211000022280537
   1 211000022280542
   1 211000022280544
   2 211000022280561
  12 211000022280570
  60 211000022280595
   1 211000022280598
   1 211000022280617
   2 211000022280623
   2 211000022280628
   1 211000022280640
  20 211000022280645
   1 211000022280655
   2 211000022280671
   2 211000022280679
   2 211000022280684
   3 211000022280686
   3 211000022280687
   4 211000022280742
   1 211000022280750
3034736 2L
3651096 2R
   9 2R2_mapped_Scaffold_56
  22 3Cen_mapped_Scaffold_1
   1 3Cen_mapped_Scaffold_41
3177846 3L
4227156 3R
212988 4
  14 Unmapped_Scaffold_22
   3 Unmapped_Scaffold_28
   6 Unmapped_Scaffold_29
   1 Unmapped_Scaffold_32
   1 Unmapped_Scaffold_35
   6 Unmapped_Scaffold_37
  27 Unmapped_Scaffold_4
  10 Unmapped_Scaffold_45
   2 Unmapped_Scaffold_48
   2 Unmapped_Scaffold_52
 330 Unmapped_Scaffold_58
   2 Unmapped_Scaffold_60
   6 Unmapped_Scaffold_8
3082372 X
  24 X3X4_mapped_Scaffold_14
10604 Y
   3 Y_mapped_Scaffold_12
   1 Y_mapped_Scaffold_15
 104 Y_mapped_Scaffold_18
   2 Y_mapped_Scaffold_20
   9 Y_mapped_Scaffold_21
   5 Y_mapped_Scaffold_23
   3 Y_mapped_Scaffold_26
   8 Y_mapped_Scaffold_30
   9 Y_mapped_Scaffold_5
   4 Y_mapped_Scaffold_9
39344 dmel_mitochondrion_genome
10154 rDNA



FILE_NUM=0; TOTAL_VALUE=0; for i in ~/data/results/stringtie/*/; do FPKM_VALUE=`cat ${i}t_data.ctab | grep "FBtr0331261" | awk '{print $12}'`; TOTAL_VALUE=`echo $TOTAL_VALUE + $FPKM_VALUE | bc`; FILE_NUM=`expr $FILE_NUM + 1`; done; Sxl=`echo $TOTAL_VALUE / $FILE_NUM | bc -l`; echo $Sxl
21.09867083333333333333

for i in ~/data/results/stringtie/SRR072*/t_*ctab; do cat $i | awk '{if ($12 > 1000) {print}}' >> thousand.txt; done; awk '{print $9}' thousand.txt | sort | uniq -c | awk '{if ($1 == 24) {print}}' | grep "FBgn*" | awk '{print $2}'; rm thousand.txt
FBgn0000556
FBgn0000559
FBgn0001197
FBgn0003274
FBgn0003517
FBgn0003884
FBgn0003887
FBgn0003941
FBgn0003942
FBgn0010078
FBgn0010408
FBgn0010409
FBgn0015756
FBgn0017579
FBgn0019936
FBgn0025286
FBgn0030616
FBgn0034138
FBgn0036213
FBgn0036825
FBgn0037351
FBgn0038277
FBgn0039857
FBgn0066084
FBgn0086472
FBgn0261592
FBgn0261593
FBgn0261596
FBgn0261602
FBgn0266599
